=== All listening TCP ports ===
22, 25, 80, 443, 554, 1935, 3000, 3001, 3307, 3478, 5001, 5002, 5003, 5060, 5200, 5400, 5432, 5433, 6379, 6380, 8000, 8080, 8081, 8889, 10000, 18080
Total: 26 ports

=== Available ports in common ranges ===
8000-8100: [8001, 8002, 8003, 8004, 8005, 8006, 8007, 8008, 8009, 8010]
8100-8200: [8100, 8101, 8102, 8103, 8104, 8105, 8106, 8107, 8108, 8109]
8200-8300: [8200, 8201, 8202, 8203, 8204, 8205, 8206, 8207, 8208, 8209]
8300-8400: [8300, 8301, 8302, 8303, 8304, 8305, 8306, 8307, 8308, 8309]
8400-8500: [8400, 8401, 8402, 8403, 8404, 8405, 8406, 8407, 8408, 8409]
8500-8600: [8500, 8501, 8502, 8503, 8504, 8505, 8506, 8507, 8508, 8509]
8600-8700: [8600, 8601, 8602, 8603, 8604, 8605, 8606, 8607, 8608, 8609]
8700-8800: [8700, 8701, 8702, 8703, 8704, 8705, 8706, 8707, 8708, 8709]
8800-8900: [8800, 8801, 8802, 8803, 8804, 8805, 8806, 8807, 8808, 8809]
8900-9000: [8900, 8901, 8902, 8903, 8904, 8905, 8906, 8907, 8908, 8909]
9000-9100: [9000, 9001, 9002, 9003, 9004, 9005, 9006, 9007, 9008, 9009]
9100-9200: [9100, 9101, 9102, 9103, 9104, 9105, 9106, 9107, 9108, 9109]
9200-9300: [9200, 9201, 9202, 9203, 9204, 9205, 9206, 9207, 9208, 9209]
9300-9400: [9300, 9301, 9302, 9303, 9304, 9305, 9306, 9307, 9308, 9309]
9400-9500: [9400, 9401, 9402, 9403, 9404, 9405, 9406, 9407, 9408, 9409]
9500-9600: [9500, 9501, 9502, 9503, 9504, 9505, 9506, 9507, 9508, 9509]

=== Suggested ports status ===
  8082: AVAILABLE
  8088: AVAILABLE
  8090: AVAILABLE
  8099: AVAILABLE
  8100: AVAILABLE
  8200: AVAILABLE
  8300: AVAILABLE
  8400: AVAILABLE
  8500: AVAILABLE
  8600: AVAILABLE
  8700: AVAILABLE
  8800: AVAILABLE
  8900: AVAILABLE
  9000: AVAILABLE
  9100: AVAILABLE
  9200: AVAILABLE
  9300: AVAILABLE
